8.615510520483928403e+00
5.660536468979810110e+00
1.046873069728454020e+01
6.117253176781094481e-01
1.514523830903576673e+00
-5.170182627385341512e+00
5.212982136607036132e-04
7.289449228382283152e+00
-5.715481292842085281e+00
2.262494501949900538e+00
1.922478106833350742e+00
-4.729524879446172392e+00
-5.517769635162350639e+00
5.475554081669051776e-01
7.297253362705252933e+00
1.340039526325278674e+00
1.280308022586808425e+00
-4.570799339948267814e+00
-5.744224103103461765e+00
-5.799234550596521487e+00
-1.294568705228840377e+00
1.978392090849317109e+00
-1.732463833416403975e+00
1.675545285979913146e+00
-2.432890676056210566e+00
-4.532913525026999402e+00
-6.113178195270300153e-01
4.033120393872702714e+00
7.424678502868263585e+00
2.614044341770755508e+00
6.497097381024811824e+00
-3.343629539358428104e-01
-4.603825208853551398e-02
6.593039430118293742e-01
-1.728088350996245470e+00
-7.211020282855744590e-01
-2.044613988656202697e+00
-2.201939401003745189e+00
-5.666281191714925392e+00
-5.469828562250193649e+00
-2.187477666220506656e+00
-1.886192153831674823e+00
2.900882968013362984e+00
3.800824557764719280e+00
-1.568578647926363701e+00
-2.724464015576350651e+00
-9.542143745544540145e-01
4.461982663955324391e+00
-2.881911449974727368e+00
-5.334152439581855143e-01
-1.069846382686054254e+00
-4.575073620461520107e+00
4.604337870734470428e+00
9.009574001792569620e-01
1.810489599887972201e+00
-2.606351149259660271e+00
-1.910774201408594442e+00
4.885598576572813379e+00
-5.034609518752611201e+00
-1.741425014647536074e+00
-3.940154304284831710e+00
3.570573887871084651e+00
-4.507351990312905343e+00
3.267752900470809241e+00
1.796406391993112583e+00
3.986102119922517728e-01
-5.612394280994040585e+00
-4.529605993714067580e+00
-2.099106770494012064e+00
3.976819132769471299e-01
-6.136412838791404312e+00
2.255775629549580330e+00
1.626820241875109874e+00
-1.718285474722497375e+00
-9.676164094381689562e-01
-5.579135836250572744e+00
3.108493572048634412e+00
-3.322466098643308996e+00
-1.268564030542461252e+00
5.561156662891280078e+00
8.810850279307611999e+00
6.288524110251584531e+00
3.195027864742545187e+00
8.773785074604250056e+00
-3.424055745238060666e+00
7.048060097176722216e+00
-3.461835775764347645e+00
-5.109979769128296212e+00
-3.005594716384899640e-03
8.031288617767298743e-02
3.423731873206654897e-02
5.316618440823979164e+00
5.069189603005899158e+00
-5.427007388196183335e+00
-6.350051200008003605e+00
-1.240199774784555453e+00
-3.223070521816682632e+00
