-6.817215836364897363e+00
5.605615279540105078e+00
-2.722746827906853406e-01
-2.060398295496522536e+00
-5.743191518784680483e-01
4.066862975472889108e-01
1.976916202686120061e-01
-2.265903636052132519e+00
-2.050305030997515487e+00
-3.963406974132867688e+00
-1.590106972808634778e+00
-1.444563622872274411e-01
5.613818613190911799e-01
-3.266584413271880649e+00
-4.675127388216068880e+00
1.880379395211452698e+00
-3.635574599067257218e-01
6.921989416218509161e-01
-1.376595838119504478e+00
-6.992737091771422664e-01
-1.980330410650664064e+00
-2.435184355809227430e+00
-1.085521658033352654e+00
2.130463793624354452e+00
-3.811315191061060981e-01
-6.530055310771340493e-02
-2.682811834028977049e+00
5.969533025595961995e+00
-2.059443360527604572e+00
-2.702534005214920487e+00
-3.308765784899005524e+00
-1.331207515570317579e+00
5.557975709880385473e+00
-1.745394229792020191e+00
4.507880443431902862e+00
1.552494420147355392e+00
-1.191523027720148953e+00
2.635733422309516905e-01
3.849562310401375420e-01
-1.092677424523937235e+00
1.739161915449249030e+00
2.171677931365560088e+00
-2.487211695358478025e-01
-2.356945648765396584e+00
-3.588651011929872237e+00
-1.064021553267973985e+00
4.390795308275917463e+00
7.870340120577033360e+00
5.942941830661917502e-01
2.552212723941616801e+00
-1.580620370767890526e+00
-6.047080395575988865e-01
-2.757624555126914068e+00
-3.040833879593353384e+00
3.775984688479821827e+00
-1.421896538563337531e+00
2.369773751768675218e+00
-4.715949567327457181e+00
-1.045873050273855576e+00
-1.886795757713204402e+00
-2.629922566956290758e-02
4.485027253303565331e+00
-6.829414114426659577e-01
3.100258177178429442e+00
5.275354367676362566e-01
2.946806380874568365e+00
-6.440950617084065799e-01
7.241588052543460607e-01
3.345528894430579436e-01
-9.058373460834344693e-01
9.627193331645733654e-01
-1.285439101389891647e-01
-4.102727679241301217e+00
-2.684920763899346224e-02
2.198472426926754153e+00
7.762423503314894169e-02
-8.208399782627606722e-01
-1.793002436384355747e+00
1.286662189393353639e+00
1.090978429546768380e+00
5.308598985147284566e+00
8.010497131769332313e+00
1.728766334027209028e+00
-1.115047853125678223e+00
-7.637709145135742617e-01
2.490065543439833995e+00
-7.283667569444111090e-01
8.035094185249114229e-03
-1.049061513890476194e+00
4.741300345591218379e-01
4.594489357952595832e+00
6.673776345055489057e-02
-6.744147453578804630e+00
1.566717066232747868e+00
-4.029768441684039582e-02
-1.706710332872434011e+00
6.146274867860203051e-01
